CO2	InvCost	OpCost	TotalCost	a
    13463161.26	    1781389.353	    10998021.02	    12779410.37	              0
    13463161.26	    1781389.353	    10998021.02	    12779410.37	           0.01
    13463161.26	    1781389.353	    10998021.02	    12779410.37	           0.02
    13463161.26	    1781389.353	    10998021.02	    12779410.37	           0.03
    13463161.26	    1781389.353	    10998021.02	    12779410.37	           0.04
    13463161.26	    1781389.353	    10998021.02	    12779410.37	           0.05
    13463161.26	    1781389.353	    10998021.02	    12779410.37	           0.06
    6481249.515	    2890399.867	    10400388.21	    13290788.08	           0.07
    4876199.018	    3176889.013	    10245473.68	     13422362.7	           0.08
    4876199.018	    3176889.013	    10245473.68	     13422362.7	           0.09
    4876199.018	    3176889.013	    10245473.68	     13422362.7	            0.1
    4876199.018	    3176889.013	    10245473.68	     13422362.7	           0.11
    4876199.018	    3176889.013	    10245473.68	     13422362.7	           0.12
    4876199.018	    3176889.013	    10245473.68	     13422362.7	           0.13
    4876199.018	    3176889.013	    10245473.68	     13422362.7	           0.14
    4876199.018	    3176889.013	    10245473.68	     13422362.7	           0.15
    4876199.018	    3176889.013	    10245473.68	     13422362.7	           0.16
    4876199.018	    3176889.013	    10245473.68	     13422362.7	           0.17
    4876199.018	    3176889.013	    10245473.68	     13422362.7	           0.18
    4876199.018	    3176889.013	    10245473.68	     13422362.7	           0.19
    4876199.018	    3176889.013	    10245473.68	     13422362.7	            0.2
    4876199.018	    3176889.013	    10245473.68	     13422362.7	           0.21
    4876199.018	    3176889.013	    10245473.68	     13422362.7	           0.22
    4876199.018	    3176889.013	    10245473.68	     13422362.7	           0.23
    4876199.018	    3176889.013	    10245473.68	     13422362.7	           0.24
    4876199.018	    3176889.013	    10245473.68	     13422362.7	           0.25
    4876199.018	    3176889.013	    10245473.68	     13422362.7	           0.26
    4876199.018	    3176889.013	    10245473.68	     13422362.7	           0.27
    4876199.018	    3176889.013	    10245473.68	     13422362.7	           0.28
    4876199.018	    3176889.013	    10245473.68	     13422362.7	           0.29
    4876199.018	    3176889.013	    10245473.68	     13422362.7	            0.3
    4876199.018	    3176889.013	    10245473.68	     13422362.7	           0.31
    4876199.018	    3176889.013	    10245473.68	     13422362.7	           0.32
    4876199.018	    3176889.013	    10245473.68	     13422362.7	           0.33
    4876199.018	    3176889.013	    10245473.68	     13422362.7	           0.34
    4876199.018	    3176889.013	    10245473.68	     13422362.7	           0.35
    4876199.018	    3176889.013	    10245473.68	     13422362.7	           0.36
    4876199.018	    3176889.013	    10245473.68	     13422362.7	           0.37
    4876199.018	    3176889.013	    10245473.68	     13422362.7	           0.38
    4876199.018	    3176889.013	    10245473.68	     13422362.7	           0.39
    4876199.018	    3176889.013	    10245473.68	     13422362.7	            0.4
    4876199.018	    3176889.013	    10245473.68	     13422362.7	           0.41
    4876199.018	    3176889.013	    10245473.68	     13422362.7	           0.42
    4534182.245	    4104765.979	    9569203.537	    13673969.52	           0.43
    4534182.245	    4104765.979	    9569203.537	    13673969.52	           0.44
    4534182.245	    4104765.979	    9569203.537	    13673969.52	           0.45
    4534182.245	    4104765.979	    9569203.537	    13673969.52	           0.46
    4534182.245	    4104765.979	    9569203.537	    13673969.52	           0.47
    4534182.245	    4104765.979	    9569203.537	    13673969.52	           0.48
    4534182.245	    4104765.979	    9569203.537	    13673969.52	           0.49
    4534182.245	    4104765.979	    9569203.537	    13673969.52	            0.5
    4534182.245	    4104765.979	    9569203.537	    13673969.52	           0.51
    4534182.245	    4104765.979	    9569203.537	    13673969.52	           0.52
    4534182.245	    4104765.979	    9569203.537	    13673969.52	           0.53
    4534182.245	    4104765.979	    9569203.537	    13673969.52	           0.54
    4534182.245	    4104765.979	    9569203.537	    13673969.52	           0.55
    4534182.245	    4104765.979	    9569203.537	    13673969.52	           0.56
    4534182.245	    4104765.979	    9569203.537	    13673969.52	           0.57
    4534182.245	    4104765.979	    9569203.537	    13673969.52	           0.58
    4534182.245	    4104765.979	    9569203.537	    13673969.52	           0.59
    4534182.245	    4104765.979	    9569203.537	    13673969.52	            0.6
    4534182.245	    4104765.979	    9569203.537	    13673969.52	           0.61
    4296221.668	    4952439.843	     9098660.73	    14051100.57	           0.62
    4296221.668	    4952439.843	     9098660.73	    14051100.57	           0.63
    4296221.668	    4952439.843	     9098660.73	    14051100.57	           0.64
    4296221.668	    4952439.843	     9098660.73	    14051100.57	           0.65
    4296221.668	    4952439.843	     9098660.73	    14051100.57	           0.66
    4296221.668	    4952439.843	     9098660.73	    14051100.57	           0.67
    4296221.668	    4952439.843	     9098660.73	    14051100.57	           0.68
    4296221.668	    4952439.843	     9098660.73	    14051100.57	           0.69
    4296221.668	    4952439.843	     9098660.73	    14051100.57	            0.7
    4296221.668	    4952439.843	     9098660.73	    14051100.57	           0.71
    4296221.668	    4952439.843	     9098660.73	    14051100.57	           0.72
    4296221.668	    4952439.843	     9098660.73	    14051100.57	           0.73
    4296221.668	    4952439.843	     9098660.73	    14051100.57	           0.74
    4296221.668	    4952439.843	     9098660.73	    14051100.57	           0.75
    4296221.668	    4952439.843	     9098660.73	    14051100.57	           0.76
    4003851.308	    6478953.293	    8520472.702	    14999425.99	           0.77
    4003851.308	    6478953.293	    8520472.702	    14999425.99	           0.78
    4003851.308	    6478953.293	    8520472.702	    14999425.99	           0.79
    4003851.308	    6478953.293	    8520472.702	    14999425.99	            0.8
    4003851.308	    6478953.293	    8520472.702	    14999425.99	           0.81
    4003851.308	    6478953.293	    8520472.702	    14999425.99	           0.82
    4003851.308	    6478953.293	    8520472.702	    14999425.99	           0.83
    4003851.308	    6478953.293	    8520472.702	    14999425.99	           0.84
    4003851.308	    6478953.293	    8520472.702	    14999425.99	           0.85
    4003851.308	    6478953.293	    8520472.702	    14999425.99	           0.86
    4003851.308	    6478953.293	    8520472.702	    14999425.99	           0.87
    4003851.308	    6478953.293	    8520472.702	    14999425.99	           0.88
    4003851.308	    6478953.293	    8520472.702	    14999425.99	           0.89
    4003851.308	    6478953.293	    8520472.702	    14999425.99	            0.9
    4003851.308	    6478953.293	    8520472.702	    14999425.99	           0.91
    4003851.308	    6478953.293	    8520472.702	    14999425.99	           0.92
    4003851.308	    6478953.293	    8520472.702	    14999425.99	           0.93
    4003851.308	    6478953.293	    8520472.702	    14999425.99	           0.94
    4003851.308	    6478953.293	    8520472.702	    14999425.99	           0.95
    4003851.308	    6478953.293	    8520472.702	    14999425.99	           0.96
     4002700.09	    6511134.013	    8521371.191	     15032505.2	           0.97
     4002700.09	    6511134.013	    8521371.191	     15032505.2	           0.98
     4002700.09	    6511134.013	    8521371.191	     15032505.2	           0.99
     3986797.94	    20141624.47	    8516408.236	    28658032.71	              1
