BC 438.9 94.9 5.65 0.11
CO 258.3 55.9 3.31 0.07
BP 189.1 40.9 4.49 0.08
BS 96.0 20.8 8.55 0.15
TCV 565.9 122.4 4.83 0.09
IN 517.1 111.8 4.27 0.07
GC 541.4 117.1 4.88 0.09
CE 328.6 71.1 9.71 0.01
ODY 22.3 4.8 6.59 0.07
MA 1513.8 327.4 9.85 0.18
GR 222.7 48.2 2.97 0.01
ME 853.3 184.5 3.61 0.05
CM 370.7 80.2 3.57 0.06
AA 337.1 72.9 8.25 0.00
BI 113.2 24.5 4.21 0.07
EL 396.0 85.6 3.66 0.10
PO 25.8 5.6 4.93 0.10
CRPP 440.3 95.2 5.25 0.12
MX 775.2 167.6 4.84 0.15
BM 660.0 142.7 7.05 0.11
CH 1291.2 279.2 7.11 0.15
DIA 0.0 0.0 7.69 0.15
PH 1213.4 262.4 6.34 0.21
AI 1066.8 230.7 11.79 0.22