:         1           2           3            4            6        :=
AA     2851.88    2780.58     1207.35      969.169      4240.02
AI     3190.73    3131.68        0         523.128      5357.89
BC     1539.72    1512.53        0         273.703      2572.22
BI      272.84     267.091       0          31.3329      467.119
BM     2177.61    2134.01        0         408.809      3593.38
BP      746.685    733.003       0         147.305      1231.65
BS     1627.08    1601.22      156.512     505.349      2533.47
CE     3060.17    2985.82     1250.99     1049.72       4551.06
CH     2907.18    2853.8         0         258.291      5084.22
CM      975.389    955.272       0         125.033      1660.05
CO      531.966    521.782       0          25.6128      948.221
CRPP    721.778    708.05        0           0          1329.15
DIA     125.378    123.587      11.9562     41.8779      193.488
EL     1173.45    1157.52        0         121.965      2062.72
GC     2051.53    2014.48        0         391.211      3398.96
GR      411.598    398.643      56.0567     41.0322      689.969
IN     1562.2     1530.73        0         251.163      2615.64
MA     1467.12    1427.46        0           0          2899.58
ME      512.056    491.531       0           0          1136.03
MX     1671.82    1651.78        0          36.5923     3077.39
ODY     515.963    506.154     127.119     175.297       781.896
PH     1761.33    1740.58        0           0          3461.07
PO       44.29      43.3786      0           0.499354     80.1422
TCV     110.546    102.196       0           0           416.665
